#town checkpoints 
#author: Adrian De Barro
p 6 -8 -38
p 6 -8 -85
p -47 -8 -85
p -47 -8 -38
p 6 -8 5
p -26 -8 5
p 25 -8 5
p 25 -8 19
p 55 -8 9
p 55 -8 19
p 55 -8 54
p 81 -8 54
p 25 -8 46
p -80 -8 46
p -80 -8 -2
p -126 -8 -2
PA 2,1,3,4,2
PA 2,1,5,7,8,10,11,12
PA 16,15,14,13,8,10,11,12
PA 2,1,5,7,8,13,14,15
PA 12,11,10,8,7,5,1,2
PA 3,1,5,6
PA 14,13,8,7,5,1
PA 5,7,8,10,11,12
PA 6,4,1,2,4,3,1,2
PA 16,15,14,13,8,7,5,1,2,4
PA 6,5,7,8,13,14,15,16
PA 1,3,4,2,5,7,8,10
PA 13,14,15,16
PA 6,5,1,2,4,3,1
PA 7,8,13,14,15,16
PA 2,1,5,7,8,13
