#town checkpoints 
#author: Adrian De Barro
#p 6 -8 -38
#p 6 -8 -85
#p -47 -8 -85
#p -47 -8 -38
#p 6 -8 5
#p -26 -8 5
#p 25 -8 5
#p 25 -8 19
#p 55 -8 9
#p 55 -8 19
#p 55 -8 54
#p 81 -8 54
#p 25 -8 46
#p -80 -8 46
#p -80 -8 -2
#p -126 -8 -2
#PA 2,1,3,4,2
#PA 2,1,5,7,8,10,11
#PA 15,14,13,8,10,11,12
#PA 12,11,10,8,7,5,1,2,1
#PA 3,1,5,7,8
#PA 14,13,8,7,5,1
p 168.25 -29.14 88.21
p 165 -29.14 72.79
p 135.67 -27.94 57.13
p 73.64 -27.94 57.13
p 53.41 -27.94 59.69
p 53.41 -16.90 21.77
p 31.71 -16.90 21.77
p 31.71 -16.9 43.58
p 10.80 -16.90 58.04
p -78.29 -16.90 49.81
p -78.29 -9.20 72.56
p -54.18 -9.20 78.06
p -79.22 -8.52 -2.48
p -124.64 -8.52 -2.48
p -150.57 6.40 -41.74 
p -90.12 -7.63 -39.31
p -90.12 -7.63 -67.82
p -85.77 -6.92 -86.43
p -85.77 -6.92 -103.28 
p -58.51 -6.92 -103.28
p 16.96 -14.26 2.29
p -20.85 -6.92 2.29
p -21.69 -6.92 -35.90
p 5.94 -6.92 -40.75
p 1.05 -6.92 -88.45
p -42.58 -6.92 -88.45
p -42.68 -6.92 -39.86
p -48.30 -9.26 103.08
p -48.36 -23.15 138.54
p -1.93 -23.15 136.70
p -1.93 -23.15 107.90 
p -118.18 0.10 -67.18
PA 3,4,5,6,7,8,9,10,13,14,15
PA 27,26,25,24,27
PA 14,15,16,17,18,19,20,26,27,24,25
PA 9,10,13,14,15,16,17,18,19
PA 8,9,10,9,8
PA 20,19,18,17,16,15,14,13,10,9,8
PA 7,8,9,10,13,14,15,16,17,18,19
PA 27,26,25,24,27
PA 29,28,12,11,10,13,14,15,16,17,18
PA 7,8,9,10,11,12,28,29,30
PA 1,2,3,4,5,6,7,21,22,23,24
PA 20,19,18,17,16,15,32
PA 26,27,23,22,21,7,6,5,4,3,2
PA 25,24,23,22,21,7,8,9,10
PA 28,12,11,10,13,14,15,16,17
PA 11,10,9,8,7,21,22,23,24
